3 38
0 0 0 0 0.03 0.06 0.09 0.12 0.15 0.18 0.21 0.24 0.27 0.3 0.33 0.36 0.39 0.42 0.45 0.48 0.51 0.54 0.57 0.6 0.63 0.66 0.69 0.72 0.75 0.78 0.81 0.84 0.87 0.9 0.93 0.96 0.99 1.02 1 1 1 1
-85.5 -87
-161.5 -32
-186.5 65
-168.5 199
-96.5 249
59.5 275
228.5 232
308.5 65
308.5 -68
255.5 -145
146.5 -224
64.5 -223
39.5 -195
-30.5 -138
-78.5 -52
-105.5 56
-68.5 192
58.5 198
171.5 164
214.5 56
225.5 -42
165.5 -91
90.5 -131
38.5 -122
-27.5 -23
-29.5 72
41.5 133
115.5 116
152.5 30
140.5 0
84.5 -51
38.5 -50
19.5 11
37.5 59
64.5 67
82.5 46
80.5 10
58.5 -12
