5 35
0 0 0 0 0 0 0.03 0.06 0.09 0.12 0.15 0.18 0.21 0.24 0.27 0.3 0.33 0.36 0.39 0.42 0.45 0.48 0.51 0.54 0.57 0.6 0.63 0.66 0.69 0.72 0.75 0.78 0.81 0.84 0.87 1 1 1 1 1 1
73.5 92
26.5 156
26.5 227
58.5 247
155.5 253
227.5 162
230.5 113
151.5 53
61.5 15
-61.5 -44
-105.5 -115
-54.5 -219
11.5 -257
122.5 -249
155.5 -208
156.5 -119
120.5 -127
55.5 -173
-13.5 -166
-39.5 -122
-10.5 -76
84.5 -39
173.5 28
253.5 63
270.5 102
264.5 177
227.5 259
111.5 301
34.5 301
-16.5 259
-18.5 184
-1.5 124
30.5 84
79.5 75
90.5 86
